!!!!!!!!!!!!!!!!!!!!!!!!!! THIS ONE PATH !!!!!!!!!!!!!!!!!!!!!!!!!!!!!!!!!!!!!
way #0 ----  0 785 842 1211 809 845 864 825 874 911      1(1088 926 925 349 982)     984 985 1086 1085 1084 1051 1031 1052 1053 1054 1030 1055 1029 1028 1056 1027 1026 1057     2(1058 778 1064)    1013 1012 621 620 617 613 611 1
way #1 ----  0 848 822 1192 1213 1164 892 1165 906 343 834 835 920 1151 914 596 473 918 936 947 1092 944 977 1041 1040 1042 1039 1043 1044 1038 1037 1045 1036 1046 1035 1047 1034 1048 1033 1032           3(1049 483)            1
!!!!!!!!!!!!!!!!!!!!!!!!!!!!!!!!!!!!!!!!!!!!!!!!!!!!!!!!!!!!!!!!!!!!!!!!!!!!!!


res = 263


res = 485

new_arr =

==================== ARR_LEN = 59 ====================
 0 812 813 1236 1175 843 839 600 448 445 442 440 438 435 509 922 1144 917 953      1(982 349 925 926 1088)      1118 954 1113 981 993 1077 1078 1079 365 364 363 1328 1329 1020 1019 1018 1017 1016 1015 1061 1062 1063 1014   2(1064 778 1058)    1059 1025 1024 1060     3(483 1049)     1050 1482 1
=======================================================



WHAT WANT!!!

way #0 ----  0 785 842 1211 809 845 864 825 874 911 1088 |1| 1118 954 1113 981 993 1077 1078 1079 365 364 363 1328 1329 1020 1019 1018 1017 1016 1015 1061 1062 1063 1014 1064 |2| 1013 1012 621 620 617 613 611 1
way #1 ----  0 848 822 1192 1213 1164 892 1165 906 343 834 835 920 1151 914 596 473 918 936 947 1092 944 977 1041 1040 1042 1039 1043 1044 1038 1037 1045 1036 1046 1035 1047 1034 1048 1033 1032 1049 |3| 1050 1482 1
way #2 ----  0 812 813 1236 1175 843 839 600 448 445 442 440 438 435 509 922 1144 917 953 982 |1| 984 985 1086 1085 1084 1051 1031 1052 1053 1054 1030 1055 1029 1028 1056 1027 1026 1057 1058 |2| 1059 1025 1024 1060 483 |3| 1


THETRTETRT     j = 1156
THETRTETRT     j = 546
THETRTETRT     j = 1153	
THETRTETRT     j = 917
THETRTETRT     j = 953
THETRTETRT     j = 647



way #0 ----  0 785 842 1211 809 845 864 825 874 911 1088 1118 954 1113 981 993 1077 1078 1079 365 364 363 1328 1329 1020 1019 1018 1017 1016 1015 1061 1062 1063 1014 1064 1013 1012 621 620 617 613 611 1
way #1 ----  0 848 822 1192 1213 1164 892 1165 906 343 834 835 920 1151 914 596 473 918 936 947 1092 944 977 1041 1040 1042 1039 1043 1044 1038 1037 1045 1036 1046 1035 1047 1034 1048 1033 1032 1049 1050 1482 1
way #2 ----  0 812 813 1236 1175 843 839 600 448 445 442 440 438 435 509 922 1144 917 953 982 984 985 1086 1085 1084 1051 1031 1052 1053 1054 1030 1055 1029 1028 1056 1027 1026 1057 1058 1059 1025 1024 1060 483 1


!!!!!!!!!!!!!!!!!!!!!!!!!! THIS ONE PATH !!!!!!!!!!!!!!!!!!!!!!!!!!!!!!!!!!!!!
way #0 ----  0 785 842 1211 809 845 864 825 874 911 1088 1118 954 1113 981 993 1077 1078 1079 365 364 363 1328 1329 1020 1019 1018 1017 1016 1015 1061 1062 1063 1014 1064 1013 1012 621 620 617 613 611 1
way #1 ----  0 848 822 1192 1213 1164 892 1165 906 343 834 835 920 1151 914 596 473 918 936 947 1092 944 977 1041 1040 1042 1039 1043 1044 1038 1037 1045 1036 1046 1035 1047 1034 1048 1033 1032 1049 1050 1482 1
way #2 ----  0 812 813 1236 1175 843 839 600 448 445 442 440 438 435 509 922 1144 917 953 982 984 985 1086 1085 1084 1051 1031 1052 1053 1054 1030 1055 1029 1028 1056 1027 1026 1057 1058 1059 1025 1024 1060 483 1
!!!!!!!!!!!!!!!!!!!!!!!!!!!!!!!!!!!!!!!!!!!!!!!!!!!!!!!!!!!!!!!!!!!!!!!!!!!!!!